-START-OF-DATA-
0.5
100000.5
200000.5
300000.5
400000.5
500000.5
600000.5
700000.5
800000.5
900000.5
1000000.5
1100000.5
1200000.5
1300000.5
1400000.5
1500000.5
1600000.5
1700000.5
1800000.5
1900000.5
2000000.5
2100000.5
2200000.5
2300000.5
2400000.5
2500000.5
2600000.5
2700000.5
2800000.5
2900000.5
3000000.5
3100000.5
3200000.5
3300000.5
3400000.5
3500000.5
3600000.5
3700000.5
3800000.5
3900000.5
4000000.5
4100000.5
4200000.5
4300000.5
4400000.5
4500000.5
4600000.5
4700000.5
4800000.5
4900000.5
5000000.5
5100000.5
5200000.5
5300000.5
5400000.5
5500000.5
5600000.5
5700000.5
5800000.5
5900000.5
6000000.5
6100000.5
6200000.5
6300000.5
6400000.5
6500000.5
6600000.5
6700000.5
6800000.5
6900000.5
7000000.5
7100000.5
7200000.5
7300000.5
7400000.5
7500000.5
7600000.5
7700000.5
7800000.5
7900000.5
8000000.5
8100000.5
8200000.5
8300000.5
8400000.5
8500000.5
8600000.5
8700000.5
8800000.5
8900000.5
9000000.5
9100000.5
9200000.5
9300000.5
9400000.5
9500000.5
9600000.5
9700000.5
9800000.5
9900000.5
10000000.5
-END-OF-DATA-
