-START-OF-DATA-
0.5
10000.5
20000.5
30000.5
40000.5
50000.5
60000.5
70000.5
80000.5
90000.5
100000.5
110000.5
120000.5
130000.5
140000.5
150000.5
160000.5
170000.5
180000.5
190000.5
200000.5
210000.5
220000.5
230000.5
240000.5
250000.5
260000.5
270000.5
280000.5
290000.5
300000.5
310000.5
320000.5
330000.5
340000.5
350000.5
360000.5
370000.5
380000.5
390000.5
400000.5
410000.5
420000.5
430000.5
440000.5
450000.5
460000.5
470000.5
480000.5
490000.5
500000.5
510000.5
520000.5
530000.5
540000.5
550000.5
560000.5
570000.5
580000.5
590000.5
600000.5
610000.5
620000.5
630000.5
640000.5
650000.5
660000.5
670000.5
680000.5
690000.5
700000.5
710000.5
720000.5
730000.5
740000.5
750000.5
760000.5
770000.5
780000.5
790000.5
800000.5
810000.5
820000.5
830000.5
840000.5
850000.5
860000.5
870000.5
880000.5
890000.5
900000.5
910000.5
920000.5
930000.5
940000.5
950000.5
960000.5
970000.5
980000.5
990000.5
1000000.5
1010000.5
1020000.5
1030000.5
1040000.5
1050000.5
1060000.5
1070000.5
1080000.5
1090000.5
1100000.5
1110000.5
1120000.5
1130000.5
1140000.5
1150000.5
1160000.5
1170000.5
1180000.5
1190000.5
1200000.5
1210000.5
1220000.5
1230000.5
1240000.5
1250000.5
1260000.5
1270000.5
1280000.5
1290000.5
1300000.5
1310000.5
1320000.5
1330000.5
1340000.5
1350000.5
1360000.5
1370000.5
1380000.5
1390000.5
1400000.5
1410000.5
1420000.5
1430000.5
1440000.5
1450000.5
1460000.5
1470000.5
1480000.5
1490000.5
1500000.5
1510000.5
1520000.5
1530000.5
1540000.5
1550000.5
1560000.5
1570000.5
1580000.5
1590000.5
1600000.5
1610000.5
1620000.5
1630000.5
1640000.5
1650000.5
1660000.5
1670000.5
1680000.5
1690000.5
1700000.5
1710000.5
1720000.5
1730000.5
1740000.5
1750000.5
1760000.5
1770000.5
1780000.5
1790000.5
1800000.5
1810000.5
1820000.5
1830000.5
1840000.5
1850000.5
1860000.5
1870000.5
1880000.5
1890000.5
1900000.5
1910000.5
1920000.5
1930000.5
1940000.5
1950000.5
1960000.5
1970000.5
1980000.5
1990000.5
2000000.5
2010000.5
2020000.5
2030000.5
2040000.5
2050000.5
2060000.5
2070000.5
2080000.5
2090000.5
2100000.5
2110000.5
2120000.5
2130000.5
2140000.5
2150000.5
2160000.5
2170000.5
2180000.5
2190000.5
2200000.5
2210000.5
2220000.5
2230000.5
2240000.5
2250000.5
2260000.5
2270000.5
2280000.5
2290000.5
2300000.5
2310000.5
2320000.5
2330000.5
2340000.5
2350000.5
2360000.5
2370000.5
2380000.5
2390000.5
2400000.5
2410000.5
2420000.5
2430000.5
2440000.5
2450000.5
2460000.5
2470000.5
2480000.5
2490000.5
2500000.5
2510000.5
2520000.5
2530000.5
2540000.5
2550000.5
2560000.5
2570000.5
2580000.5
2590000.5
2600000.5
2610000.5
2620000.5
2630000.5
2640000.5
2650000.5
2660000.5
2670000.5
2680000.5
2690000.5
2700000.5
2710000.5
2720000.5
2730000.5
2740000.5
2750000.5
2760000.5
2770000.5
2780000.5
2790000.5
2800000.5
2810000.5
2820000.5
2830000.5
2840000.5
2850000.5
2860000.5
2870000.5
2880000.5
2890000.5
2900000.5
2910000.5
2920000.5
2930000.5
2940000.5
2950000.5
2960000.5
2970000.5
2980000.5
2990000.5
3000000.5
3010000.5
3020000.5
3030000.5
3040000.5
3050000.5
3060000.5
3070000.5
3080000.5
3090000.5
3100000.5
3110000.5
3120000.5
3130000.5
3140000.5
3150000.5
3160000.5
3170000.5
3180000.5
3190000.5
3200000.5
3210000.5
3220000.5
3230000.5
3240000.5
3250000.5
3260000.5
3270000.5
3280000.5
3290000.5
3300000.5
3310000.5
3320000.5
3330000.5
3340000.5
3350000.5
3360000.5
3370000.5
3380000.5
3390000.5
3400000.5
3410000.5
3420000.5
3430000.5
3440000.5
3450000.5
3460000.5
3470000.5
3480000.5
3490000.5
3500000.5
3510000.5
3520000.5
3530000.5
3540000.5
3550000.5
3560000.5
3570000.5
3580000.5
3590000.5
3600000.5
3610000.5
3620000.5
3630000.5
3640000.5
3650000.5
3660000.5
3670000.5
3680000.5
3690000.5
3700000.5
3710000.5
3720000.5
3730000.5
3740000.5
3750000.5
3760000.5
3770000.5
3780000.5
3790000.5
3800000.5
3810000.5
3820000.5
3830000.5
3840000.5
3850000.5
3860000.5
3870000.5
3880000.5
3890000.5
3900000.5
3910000.5
3920000.5
3930000.5
3940000.5
3950000.5
3960000.5
3970000.5
3980000.5
3990000.5
4000000.5
4010000.5
4020000.5
4030000.5
4040000.5
4050000.5
4060000.5
4070000.5
4080000.5
4090000.5
4100000.5
4110000.5
4120000.5
4130000.5
4140000.5
4150000.5
4160000.5
4170000.5
4180000.5
4190000.5
4200000.5
4210000.5
4220000.5
4230000.5
4240000.5
4250000.5
4260000.5
4270000.5
4280000.5
4290000.5
4300000.5
4310000.5
4320000.5
4330000.5
4340000.5
4350000.5
4360000.5
4370000.5
4380000.5
4390000.5
4400000.5
4410000.5
4420000.5
4430000.5
4440000.5
4450000.5
4460000.5
4470000.5
4480000.5
4490000.5
4500000.5
4510000.5
4520000.5
4530000.5
4540000.5
4550000.5
4560000.5
4570000.5
4580000.5
4590000.5
4600000.5
4610000.5
4620000.5
4630000.5
4640000.5
4650000.5
4660000.5
4670000.5
4680000.5
4690000.5
4700000.5
4710000.5
4720000.5
4730000.5
4740000.5
4750000.5
4760000.5
4770000.5
4780000.5
4790000.5
4800000.5
4810000.5
4820000.5
4830000.5
4840000.5
4850000.5
4860000.5
4870000.5
4880000.5
4890000.5
4900000.5
4910000.5
4920000.5
4930000.5
4940000.5
4950000.5
4960000.5
4970000.5
4980000.5
4990000.5
5000000.5
5010000.5
5020000.5
5030000.5
5040000.5
5050000.5
5060000.5
5070000.5
5080000.5
5090000.5
5100000.5
5110000.5
5120000.5
5130000.5
5140000.5
5150000.5
5160000.5
5170000.5
5180000.5
5190000.5
5200000.5
5210000.5
5220000.5
5230000.5
5240000.5
5250000.5
5260000.5
5270000.5
5280000.5
5290000.5
5300000.5
5310000.5
5320000.5
5330000.5
5340000.5
5350000.5
5360000.5
5370000.5
5380000.5
5390000.5
5400000.5
5410000.5
5420000.5
5430000.5
5440000.5
5450000.5
5460000.5
5470000.5
5480000.5
5490000.5
5500000.5
5510000.5
5520000.5
5530000.5
5540000.5
5550000.5
5560000.5
5570000.5
5580000.5
5590000.5
5600000.5
5610000.5
5620000.5
5630000.5
5640000.5
5650000.5
5660000.5
5670000.5
5680000.5
5690000.5
5700000.5
5710000.5
5720000.5
5730000.5
5740000.5
5750000.5
5760000.5
5770000.5
5780000.5
5790000.5
5800000.5
5810000.5
5820000.5
5830000.5
5840000.5
5850000.5
5860000.5
5870000.5
5880000.5
5890000.5
5900000.5
5910000.5
5920000.5
5930000.5
5940000.5
5950000.5
5960000.5
5970000.5
5980000.5
5990000.5
6000000.5
6010000.5
6020000.5
6030000.5
6040000.5
6050000.5
6060000.5
6070000.5
6080000.5
6090000.5
6100000.5
6110000.5
6120000.5
6130000.5
6140000.5
6150000.5
6160000.5
6170000.5
6180000.5
6190000.5
6200000.5
6210000.5
6220000.5
6230000.5
6240000.5
6250000.5
6260000.5
6270000.5
6280000.5
6290000.5
6300000.5
6310000.5
6320000.5
6330000.5
6340000.5
6350000.5
6360000.5
6370000.5
6380000.5
6390000.5
6400000.5
6410000.5
6420000.5
6430000.5
6440000.5
6450000.5
6460000.5
6470000.5
6480000.5
6490000.5
6500000.5
6510000.5
6520000.5
6530000.5
6540000.5
6550000.5
6560000.5
6570000.5
6580000.5
6590000.5
6600000.5
6610000.5
6620000.5
6630000.5
6640000.5
6650000.5
6660000.5
6670000.5
6680000.5
6690000.5
6700000.5
6710000.5
6720000.5
6730000.5
6740000.5
6750000.5
6760000.5
6770000.5
6780000.5
6790000.5
6800000.5
6810000.5
6820000.5
6830000.5
6840000.5
6850000.5
6860000.5
6870000.5
6880000.5
6890000.5
6900000.5
6910000.5
6920000.5
6930000.5
6940000.5
6950000.5
6960000.5
6970000.5
6980000.5
6990000.5
7000000.5
7010000.5
7020000.5
7030000.5
7040000.5
7050000.5
7060000.5
7070000.5
7080000.5
7090000.5
7100000.5
7110000.5
7120000.5
7130000.5
7140000.5
7150000.5
7160000.5
7170000.5
7180000.5
7190000.5
7200000.5
7210000.5
7220000.5
7230000.5
7240000.5
7250000.5
7260000.5
7270000.5
7280000.5
7290000.5
7300000.5
7310000.5
7320000.5
7330000.5
7340000.5
7350000.5
7360000.5
7370000.5
7380000.5
7390000.5
7400000.5
7410000.5
7420000.5
7430000.5
7440000.5
7450000.5
7460000.5
7470000.5
7480000.5
7490000.5
7500000.5
7510000.5
7520000.5
7530000.5
7540000.5
7550000.5
7560000.5
7570000.5
7580000.5
7590000.5
7600000.5
7610000.5
7620000.5
7630000.5
7640000.5
7650000.5
7660000.5
7670000.5
7680000.5
7690000.5
7700000.5
7710000.5
7720000.5
7730000.5
7740000.5
7750000.5
7760000.5
7770000.5
7780000.5
7790000.5
7800000.5
7810000.5
7820000.5
7830000.5
7840000.5
7850000.5
7860000.5
7870000.5
7880000.5
7890000.5
7900000.5
7910000.5
7920000.5
7930000.5
7940000.5
7950000.5
7960000.5
7970000.5
7980000.5
7990000.5
8000000.5
8010000.5
8020000.5
8030000.5
8040000.5
8050000.5
8060000.5
8070000.5
8080000.5
8090000.5
8100000.5
8110000.5
8120000.5
8130000.5
8140000.5
8150000.5
8160000.5
8170000.5
8180000.5
8190000.5
8200000.5
8210000.5
8220000.5
8230000.5
8240000.5
8250000.5
8260000.5
8270000.5
8280000.5
8290000.5
8300000.5
8310000.5
8320000.5
8330000.5
8340000.5
8350000.5
8360000.5
8370000.5
8380000.5
8390000.5
8400000.5
8410000.5
8420000.5
8430000.5
8440000.5
8450000.5
8460000.5
8470000.5
8480000.5
8490000.5
8500000.5
8510000.5
8520000.5
8530000.5
8540000.5
8550000.5
8560000.5
8570000.5
8580000.5
8590000.5
8600000.5
8610000.5
8620000.5
8630000.5
8640000.5
8650000.5
8660000.5
8670000.5
8680000.5
8690000.5
8700000.5
8710000.5
8720000.5
8730000.5
8740000.5
8750000.5
8760000.5
8770000.5
8780000.5
8790000.5
8800000.5
8810000.5
8820000.5
8830000.5
8840000.5
8850000.5
8860000.5
8870000.5
8880000.5
8890000.5
8900000.5
8910000.5
8920000.5
8930000.5
8940000.5
8950000.5
8960000.5
8970000.5
8980000.5
8990000.5
9000000.5
9010000.5
9020000.5
9030000.5
9040000.5
9050000.5
9060000.5
9070000.5
9080000.5
9090000.5
9100000.5
9110000.5
9120000.5
9130000.5
9140000.5
9150000.5
9160000.5
9170000.5
9180000.5
9190000.5
9200000.5
9210000.5
9220000.5
9230000.5
9240000.5
9250000.5
9260000.5
9270000.5
9280000.5
9290000.5
9300000.5
9310000.5
9320000.5
9330000.5
9340000.5
9350000.5
9360000.5
9370000.5
9380000.5
9390000.5
9400000.5
9410000.5
9420000.5
9430000.5
9440000.5
9450000.5
9460000.5
9470000.5
9480000.5
9490000.5
9500000.5
9510000.5
9520000.5
9530000.5
9540000.5
9550000.5
9560000.5
9570000.5
9580000.5
9590000.5
9600000.5
9610000.5
9620000.5
9630000.5
9640000.5
9650000.5
9660000.5
9670000.5
9680000.5
9690000.5
9700000.5
9710000.5
9720000.5
9730000.5
9740000.5
9750000.5
9760000.5
9770000.5
9780000.5
9790000.5
9800000.5
9810000.5
9820000.5
9830000.5
9840000.5
9850000.5
9860000.5
9870000.5
9880000.5
9890000.5
9900000.5
9910000.5
9920000.5
9930000.5
9940000.5
9950000.5
9960000.5
9970000.5
9980000.5
9990000.5
10000000.5
-END-OF-DATA-
